,Close,High,Open,Low,Volume,RSI,MACD,Signal,Histogram
1970-01-01 00:28:08.169600,,,,,,48.524234817650594,0.00898889557870941,0.017256444574555902,-0.008267548995846492
1970-01-01 00:28:08.371200,4.34,4.39,4.36,4.31,15678.0,53.01443704336156,0.009475775257187458,0.015700310711082213,-0.006224535453894755
1970-01-01 00:28:08.374800,4.33,4.35,4.35,4.33,3821.0,51.79796952366134,0.008951526854204417,0.014350553939706653,-0.005399027085502236
1970-01-01 00:28:08.378400,4.33,4.36,4.35,4.33,11592.0,51.79796952366134,0.008438779223898685,0.013168198996545059,-0.004729419772646374
1970-01-01 00:28:08.382000,4.33,4.33,4.33,4.32,35367.0,51.79796952366134,0.00794088544831606,0.01212273628689926,-0.0041818508385832
1970-01-01 00:28:08.385600,4.31,4.34,4.34,4.31,124720.0,48.98996661823457,0.005864861715898506,0.01087116137269911,-0.005006299656800604
1970-01-01 00:28:08.389200,4.4669,4.47,4.3108,4.3,3447875.0,65.01361785741409,0.016687750680917546,0.012034479234342798,0.004653271446574748
1970-01-01 00:28:08.392800,4.545,4.6,4.47,4.46,5425157.0,70.05592753619422,0.03120724772552208,0.015869032932578655,0.015338214792943426
1970-01-01 00:28:08.396400,4.445,4.55,4.5462,4.44,3154726.0,58.44177497444912,0.03425007592029239,0.019545241530121403,0.014704834390170986
1970-01-01 00:28:08.400000,4.45,4.5,4.445,4.43,3345546.0,58.809475834219306,0.036642604267529855,0.022964714077603095,0.01367789018992676
1970-01-01 00:28:08.403600,4.44,4.44,4.44,4.44,224854.0,57.70970750909558,0.037301791955337116,0.025832129653149898,0.011469662302187218
1970-01-01 00:28:08.407200,4.44,4.44,4.44,4.44,224854.0,57.70970750909557,0.037393157899285434,0.028144335302377005,0.00924882259690843
1970-01-01 00:28:08.410800,4.44,4.44,4.44,4.44,0.0,57.70970750909558,0.037038608050250055,0.029923189851951616,0.0071154181982984385
1970-01-01 00:28:08.414400,4.42,4.4698,4.4508,4.41,76831.0,55.134221521957116,0.03474329283462119,0.03088721044848553,0.003856082386135655
1970-01-01 00:28:08.418000,4.42,4.4698,4.4508,4.41,76831.0,55.13422152195712,0.032549033986653875,0.0312195751561192,0.0013294588305346744
1970-01-01 00:28:08.421600,4.42,4.4698,4.4508,4.41,76831.0,55.13422152195712,0.030458956154352457,0.031067451355765854,-0.0006084952014133969
1970-01-01 00:28:08.425200,4.42,4.4698,4.4508,4.41,76831.0,55.134221521957116,0.028474320175719825,0.03054882511975665,-0.0020745049440368257
1970-01-01 00:28:08.428800,4.42,4.4698,4.4508,4.41,76831.0,55.134221521957116,0.026594912270230253,0.02975804254985137,-0.003163130279621118
1970-01-01 00:28:08.544000,4.41,4.42,4.42,4.35,16901.0,53.40794791452575,0.024021644967978872,0.028610763033476875,-0.0045891180654980025
1970-01-01 00:28:08.547600,4.4,4.4,4.4,4.39,5643.0,51.665834147490344,0.02093408061472779,0.027075426549727062,-0.006141345934999272
1970-01-01 00:28:08.551200,4.45,4.45,4.42,4.42,5449.0,58.88695979762549,0.022265087681385687,0.02611335877605879,-0.003848271094673103
1970-01-01 00:28:08.554800,4.42,4.47,4.46,4.42,16773.0,53.7027438519429,0.02066100389963399,0.025022887800773833,-0.004361883901139844
1970-01-01 00:28:08.558400,4.43,4.47,4.465,4.36,79374.0,55.12105025632753,0.01996651086379231,0.02401161241337753,-0.00404510154958522
1970-01-01 00:28:08.562000,4.32,4.44,4.43,4.32,1479685.0,40.44381402537499,0.010419925028147148,0.021293274936331454,-0.010873349908184306
1970-01-01 00:28:08.565600,4.3642,4.37,4.32,4.22,4911331.0,46.59708488418711,0.0063475865526054776,0.01830413725958626,-0.011956550706980783
1970-01-01 00:28:08.569200,4.305,4.37,4.365,4.3,1542519.0,40.553536431159344,-0.0016378363162967702,0.014315742544409654,-0.015953578860706426
1970-01-01 00:28:08.572800,4.3,4.32,4.305,4.27,1513762.0,40.08071010584831,-0.008274417352430063,0.00979771056504171,-0.018072127917471772
1970-01-01 00:28:08.576400,4.265,4.3,4.295,4.26,3367788.0,36.84250200205371,-0.01617174531689436,0.004603819388654496,-0.020775564705548855
1970-01-01 00:28:08.580000,4.307,4.32,4.265,4.26,1497889.0,42.81327429264286,-0.018824389786865403,-8.182244644948378e-05,-0.01874256734041592
1970-01-01 00:28:08.583600,4.25,4.375,4.31,4.23,5441783.0,37.61586526408731,-0.025235158077733466,-0.005112489572706281,-0.020122668505027183
1970-01-01 00:28:08.587200,4.28,4.2995,4.25,4.25,92950.0,41.6320525500646,-0.027577097244906312,-0.009605411107146288,-0.017971686137760026
1970-01-01 00:28:08.590800,4.25,4.29,4.28,4.24,128514.0,38.93281974452963,-0.03149084334745034,-0.013982497555207099,-0.017508345792243238
1970-01-01 00:28:08.594400,4.2495,4.26,4.2592,4.23,105384.0,38.887565771664285,-0.03423818467169415,-0.01803363497850451,-0.01620454969318964
1970-01-01 00:28:08.598000,4.23,4.26,4.25,4.22,111830.0,37.07747523844748,-0.03755603688103992,-0.021938115359011592,-0.01561792152202833
1970-01-01 00:28:08.601600,4.23,4.26,4.25,4.22,111830.0,37.07747523844748,-0.039727504715928674,-0.02549599323039501,-0.014231511485533664
1970-01-01 00:28:08.630400,4.27,4.3,4.26,4.19,22625.0,43.350543749893994,-0.03778517889180044,-0.027953830362676096,-0.009831348529124345
1970-01-01 00:28:08.634000,4.29,4.29,4.25,4.24,12972.0,46.23666630094694,-0.03423737172028307,-0.029210538634197494,-0.0050268330860855776
1970-01-01 00:28:08.637600,4.25,4.28,4.28,4.24,3012.0,41.66471005460769,-0.03425846442954583,-0.030220123793267162,-0.00403834063627867
1970-01-01 00:28:08.641200,4.25,4.27,4.26,4.24,7612.0,41.664710054607696,-0.033884580205412185,-0.03095301507569617,-0.0029315651297160163
1970-01-01 00:28:08.644800,4.24,4.2815,4.25,4.1915,181954.0,40.503482603044084,-0.03400322270553069,-0.03156305660166307,-0.0024401661038676165
1970-01-01 00:28:08.648400,4.24,4.32,4.23,4.19,3352880.0,40.503482603044084,-0.03370867511781217,-0.03199218030489289,-0.0017164948129192795
1970-01-01 00:28:08.652000,4.275,4.28,4.235,4.19,2107422.0,46.550359530923714,-0.03030173697794325,-0.03165409163950297,0.0013523546615597168
1970-01-01 00:28:08.655600,4.2635,4.29,4.2701,4.23,4649378.0,44.934390911915834,-0.02820454342701506,-0.03096418199700539,0.0027596385699903275
1970-01-01 00:28:08.659200,4.24,4.27,4.26,4.22,1074127.0,41.745264013618694,-0.02811466764293158,-0.03039427912619063,0.0022796114832590517
1970-01-01 00:28:08.662800,4.29,4.29,4.24,4.23,2459621.0,49.89366519073018,-0.02373525308112434,-0.029062473917177374,0.005327220836053033
1970-01-01 00:28:08.666400,4.285,4.31,4.29,4.26,1714815.0,49.15324535423341,-0.0204324610104063,-0.027336471335823162,0.006904010325416862
1970-01-01 00:28:08.670000,4.295,4.33,4.29,4.265,4797045.0,50.72812160981014,-0.01681423404889948,-0.025232023878438425,0.008417789829538946
1970-01-01 00:28:08.673600,4.3,4.31,4.31,4.29,87549.0,51.536386431313765,-0.013388965243742668,-0.022863412151499275,0.009474446907756607
1970-01-01 00:28:08.677200,4.31,4.33,4.3,4.29,89812.0,53.19027162083801,-0.00975504848478792,-0.020241739418157007,0.010486690933369087
1970-01-01 00:28:08.680800,4.3,4.35,4.32,4.29,96665.0,51.304748712790335,-0.007594514858999979,-0.017712294506325603,0.010117779647325624
1970-01-01 00:28:08.684400,4.32,4.4,4.3018,4.3,161020.0,54.75894496331982,-0.004219800310488964,-0.015013795667158276,0.010793995356669313
1970-01-01 00:28:08.688000,4.32,4.4,4.3018,4.3,161020.0,54.75894496331982,-0.0015277042931591822,-0.012316577392358457,0.010788873099199275
1970-01-01 00:28:08.716800,4.32,4.33,4.33,4.32,6365.0,54.75894496331982,0.0005988974787447532,-0.009733482418137816,0.010332379896882569
1970-01-01 00:28:08.720400,4.32,4.33,4.33,4.32,2319.0,54.75894496331982,0.002258213425634814,-0.007335143249383291,0.009593356675018105
1970-01-01 00:28:08.724000,4.3,4.3,4.3,4.3,1994.0,49.98939892295455,0.0019370710657842238,-0.005480700386349788,0.007417771452134012
1970-01-01 00:28:08.727600,4.3,4.32,4.31,4.3,13311.0,49.98939892295454,0.0016633889198525154,-0.004051882525109327,0.005715271444961843
1970-01-01 00:28:08.731200,4.3203,4.34,4.3198,4.29,82006.0,54.64020727489145,0.003049382806431744,-0.0026316294588011133,0.005681012265232857
1970-01-01 00:28:08.734800,4.3,4.355,4.33,4.27,1550356.0,49.666142017070925,0.0024811514320264294,-0.0016090732806356045,0.0040902247126620335
1970-01-01 00:28:08.738400,4.255,4.3099,4.3,4.24,2228187.0,40.79956765406063,-0.0015820629089704497,-0.0016036712063025736,2.1608297332123983e-05
1970-01-01 00:28:08.742000,4.275,4.28,4.25,4.25,1362373.0,45.45986679219884,-0.0031520221458309905,-0.001913341394208257,-0.0012386807516227335
1970-01-01 00:28:08.745600,4.2901,4.31,4.27,4.26,1693711.0,48.74076439681459,-0.0031415683041027265,-0.002158986776187151,-0.0009825815279155756
1970-01-01 00:28:08.749200,4.24,4.3,4.295,4.24,1804554.0,40.11775979635648,-0.00709415782065026,-0.003146020985079773,-0.003948136835570487
1970-01-01 00:28:08.752800,4.225,4.25,4.2495,4.22,1355892.0,37.95280714721462,-0.011306652082097912,-0.0047781472044834015,-0.006528504877614511
1970-01-01 00:28:08.756400,4.2,4.27,4.2233,4.2,4177249.0,34.60131809987611,-0.01647249058229594,-0.007117015880045909,-0.009355474702250031
1970-01-01 00:28:08.760000,4.2206,4.23,4.21,4.2,218375.0,39.35368754534901,-0.018688774414846954,-0.009431367587006119,-0.009257406827840835
1970-01-01 00:28:08.763600,4.1995,4.22,4.22,4.19,291243.0,36.43330535210417,-0.021895392523941126,-0.01192417257439312,-0.009971219949548006
1970-01-01 00:28:08.767200,4.18,4.2,4.1903,4.17,159762.0,33.92752350859614,-0.025713735572104213,-0.01468208517393534,-0.011031650398168873
1970-01-01 00:28:08.770800,4.18,4.19,4.19,4.14,371070.0,33.92752350859615,-0.028412280859729577,-0.01742812431109419,-0.010984156548635389
1970-01-01 00:28:08.774400,4.18,4.19,4.19,4.14,371070.0,33.92752350859615,-0.03020273906673232,-0.019983047262221814,-0.010219691804510506
1970-01-01 00:28:08.976000,4.17,4.18,4.15,4.13,9704.0,32.49601406564115,-0.032059049752370505,-0.022398247760251552,-0.009660801992118953
1970-01-01 00:28:08.979600,4.17,4.17,4.17,4.17,462.0,32.496014065641134,-0.033148078924852165,-0.024548213993171676,-0.008599864931680488
1970-01-01 00:28:08.983200,4.16,4.17,4.17,4.16,12441.0,30.980034587992577,-0.0344212718215271,-0.026522825558842764,-0.007898446262684336
1970-01-01 00:28:08.986800,4.12,4.23,4.16,3.89,812049.0,25.796075731093254,-0.038217405608705235,-0.028861741568815262,-0.009355664039889973
1970-01-01 00:28:08.990400,4.18,4.1998,4.1694,3.9,475833.0,41.58578504080001,-0.03596973372562573,-0.030283340000177357,-0.005686393725448373
1970-01-01 00:28:08.994000,4.265,4.27,4.17,4.17,4296712.0,55.9017586691415,-0.02701819895995783,-0.029630311792133456,0.002612112832175627
1970-01-01 00:28:08.997600,4.2697,4.29,4.265,4.2414,3233180.0,56.536059180459226,-0.01932205976793977,-0.02756866138729472,0.008246601619354949
1970-01-01 00:28:09.001200,4.215,4.28,4.27,4.21,1524282.0,47.900541689960875,-0.017435659434957174,-0.025542060996827213,0.00810640156187004
1970-01-01 00:28:09.004800,4.21,4.23,4.22,4.19,1956566.0,47.190981555728165,-0.016157873881367912,-0.023665223573735357,0.007507349692367445
1970-01-01 00:28:09.008400,4.2124,4.22,4.215,4.2,804185.0,47.59228228632442,-0.014781171537315174,-0.021888413166451324,0.00710724162913615
1970-01-01 00:28:09.012000,4.2201,4.25,4.215,4.21,1880163.0,48.933087298671964,-0.012919867176164779,-0.020094703968394016,0.0071748367922292375
1970-01-01 00:28:09.015600,4.24,4.27,4.23,4.17,7208160.0,52.32765100838937,-0.009726880942486638,-0.018021139363212542,0.008294258420725904
1970-01-01 00:28:09.019200,4.25,4.26,4.22,4.22,776566.0,53.98301729821896,-0.006316685107639053,-0.015680248512097844,0.009363563404458791
1970-01-01 00:28:09.022800,4.25,4.27,4.25,4.25,253820.0,53.98301729821896,-0.003572894238653923,-0.01325877765740906,0.009685883418755138
1970-01-01 00:28:09.026400,4.23,4.26,4.2594,4.23,21891.0,49.959164504331525,-0.0029779253898629676,-0.011202607203899841,0.008224681814036874
1970-01-01 00:28:09.030000,4.26,4.26,4.24,4.24,64331.0,55.337013809754836,-8.46828400717925e-05,-0.00897902233113423,0.008894339491062438
1970-01-01 00:28:09.033600,4.26,4.26,4.24,4.24,64331.0,55.33701380975483,0.002183067680022077,-0.00674660432890297,0.008929672008925048
1970-01-01 00:28:09.062400,4.26,4.27,4.26,4.22,8064.0,55.33701380975483,0.0039349170313203174,-0.004610300056858313,0.00854521708817863
1970-01-01 00:28:09.066000,4.27,4.27,4.26,4.26,1756.0,57.24975192003633,0.006060327012749944,-0.002476174642936661,0.008536501655686606
1970-01-01 00:28:09.069600,4.26,4.29,4.28,4.26,6553.0,54.72578067307955,0.006858749909736339,-0.0006091897324020611,0.0074679396421384004
1970-01-01 00:28:09.073200,4.27,4.3,4.27,4.26,65018.0,56.77789427381699,0.008203853320084775,0.0011534188780953061,0.007050434441989469
1970-01-01 00:28:09.076800,4.29,4.3,4.27,4.24,214808.0,60.62218901376649,0.010759659657876952,0.0030746670340516353,0.007684992623825317
1970-01-01 00:28:09.080400,4.365,4.39,4.28,4.2539,2809455.0,71.02851565759113,0.018622360809620098,0.0061842057891653285,0.01243815502045477
1970-01-01 00:28:09.084000,4.375,4.4,4.365,4.3,4977362.0,72.08768443551047,0.025368096916431604,0.010020984014618584,0.01534711290181302
1970-01-01 00:28:09.087600,4.37,4.38,4.37,4.3201,2137076.0,70.69598999686713,0.0299652622774218,0.014009839667179228,0.015955422610242572
1970-01-01 00:28:09.091200,4.36,4.4,4.38,4.33,2606898.0,67.87371632594156,0.032427824742272904,0.017693436682197965,0.014734388060074939
1970-01-01 00:28:09.094800,4.345,4.39,4.355,4.34,1513975.0,63.76183036283928,0.03279105374188784,0.02071296009413594,0.012078093647751902
1970-01-01 00:28:09.098400,4.35,4.36,4.35,4.32,3098394.0,64.53313451464345,0.03310080804367299,0.02319052968404335,0.00991027835962964
1970-01-01 00:28:09.102000,4.38,4.44,4.35,4.33,5239953.0,68.82114216016805,0.03535943824542809,0.0256243113963203,0.009735126849107788
1970-01-01 00:28:09.105600,4.41,4.43,4.39,4.3604,135165.0,72.41302021068856,0.039119226144292085,0.02832329434591466,0.010795931798377425
1970-01-01 00:28:09.109200,4.3393,4.42,4.41,4.29,221232.0,56.030849975402,0.03597923972722672,0.029854483422177076,0.006124756305049644
1970-01-01 00:28:09.112800,4.36,4.36,4.33,4.3295,44983.0,58.95846510300361,0.03476039863434366,0.030835666464610393,0.003924732169733266
1970-01-01 00:28:09.116400,4.35,4.36,4.3592,4.34,59720.0,56.98451088796264,0.03261161545747804,0.031190856263183922,0.0014207591942941161
1970-01-01 00:28:09.120000,4.35,4.36,4.3592,4.34,59720.0,56.98451088796264,0.030556453533067796,0.0310639757171607,-0.000507522184092904
1970-01-01 00:28:09.148800,4.38,4.4,4.39,4.37,6190.0,61.472505204973956,0.030991224634648873,0.031049425500658336,-5.8200866009463365e-05
1970-01-01 00:28:09.152400,4.39,4.45,4.37,4.37,20399.0,62.86339604696626,0.03177640171270024,0.03119482074306672,0.000581580969633521
1970-01-01 00:28:09.156000,4.42,4.42,4.41,4.41,773.0,66.74239119084997,0.034422607096214364,0.03184037801369625,0.0025822290825181157
1970-01-01 00:28:09.159600,4.4,4.44,4.4,4.39,61081.0,62.0864518317142,0.03450812291410976,0.03237392699377895,0.00213419592033081
1970-01-01 00:28:09.163200,4.4391,4.47,4.3903,4.39,418687.0,66.94175928391623,0.037300955843639017,0.03335933276375097,0.003941623079888046
1970-01-01 00:28:09.166800,4.415,4.46,4.43,4.37,2363839.0,61.6971584820586,0.0371414835708368,0.03411576292516814,0.00302572064566866
1970-01-01 00:28:09.170400,4.37,4.47,4.411,4.37,2806210.0,53.30016153916422,0.033003532547177805,0.033893316849570074,-0.0008897843023922686
1970-01-01 00:28:09.174000,4.365,4.41,4.37,4.35,2208364.0,52.446051544816086,0.028986579095056086,0.03291196929866728,-0.003925390203611191
1970-01-01 00:28:09.177600,4.37,4.39,4.365,4.36,2627908.0,53.2527770328927,0.025907922355131063,0.031511159909960035,-0.0056032375548289715
1970-01-01 00:28:09.181200,4.435,4.44,4.3773,4.37,1615660.0,62.224526677421906,0.028385807560543874,0.030886089440076803,-0.002500281879532929
1970-01-01 00:28:09.184800,4.425,4.44,4.44,4.39,1816408.0,60.306918837292855,0.029205964829052355,0.030550064517871917,-0.0013440996888195618
1970-01-01 00:28:09.188400,4.4,4.43,4.42,4.38,4343775.0,55.68658385850865,0.027521404685245443,0.02994433255134662,-0.0024229278661011787
1970-01-01 00:28:09.192000,4.41,4.43,4.39,4.39,213990.0,57.102327838813984,0.026685679163056975,0.029292601873688696,-0.0026069227106317212
1970-01-01 00:28:09.195600,4.42,4.43,4.41,4.4,60241.0,58.529173079556074,0.026524518948658482,0.028738985288682656,-0.0022144663400241738
1970-01-01 00:28:09.199200,4.42,4.43,4.42,4.41,35116.0,58.529173079556074,0.026095980103204575,0.02821038425158704,-0.0021144041483824663
1970-01-01 00:28:09.202800,4.43,4.44,4.42,4.42,58337.0,60.069514870780125,0.02626056100658669,0.027820419602586972,-0.0015598585960002812
1970-01-01 00:28:09.206400,4.43,4.44,4.42,4.42,58337.0,60.069514870780125,0.02609024050631259,0.0274743837833321,-0.001384143277019509
1970-01-01 00:28:09.235200,4.43,4.45,4.3,4.3,11032.0,60.069514870780125,0.025659473840783598,0.0271114017948224,-0.0014519279540388015
1970-01-01 00:28:09.238800,4.45,4.45,4.43,4.41,5034.0,63.45975102692668,0.02662500452914962,0.027014122341687846,-0.0003891178125382255
1970-01-01 00:28:09.242400,4.43,4.45,4.45,4.42,7810.0,58.143435629424985,0.025482613991212766,0.026707820671592834,-0.0012252066803800678
1970-01-01 00:28:09.246000,4.43,4.46,4.43,4.42,26399.0,58.14343562942498,0.024297178510023443,0.026225692239278956,-0.0019285137292555134
1970-01-01 00:28:09.249600,4.44,4.46,4.43,4.41,200962.0,60.08259731006431,0.023889248392167772,0.025758403469856722,-0.0018691550776889498
1970-01-01 00:28:09.253200,4.425,4.45,4.4399,4.4,1848492.0,55.8991743277173,0.0221008216799774,0.025026887111880856,-0.002926065431903456
1970-01-01 00:28:09.256800,4.445,4.45,4.425,4.4,3067242.0,59.907555689209595,0.02204321304017043,0.02443015229753877,-0.002386939257368343
1970-01-01 00:28:09.260400,4.49,4.52,4.445,4.43,3575223.0,67.14371298267825,0.025336616948695045,0.024611445227770028,0.0007251717209250177
1970-01-01 00:28:09.264000,4.495,4.5,4.49,4.46,1713403.0,67.83829995763283,0.02802704317960547,0.02529456481813712,0.0027324783614683518
1970-01-01 00:28:09.267600,4.43,4.505,4.495,4.41,3108256.0,52.34589565395635,0.024630345290095335,0.025161720912528763,-0.0005313756224334283
1970-01-01 00:28:09.271200,4.42,4.45,4.435,4.41,1148080.0,50.43749861857595,0.02089070625654621,0.024307517981332252,-0.0034168117247860424
1970-01-01 00:28:09.274800,4.44,4.49,4.418,4.395,6268866.0,54.045978592095736,0.019318160503691395,0.02330964648580408,-0.003991485982112686
1970-01-01 00:28:09.278400,4.45,4.48,4.48,4.43,85010.0,55.77957762784417,0.018663679808391898,0.022380453150321646,-0.003716773341929748
1970-01-01 00:28:09.282000,4.45,4.46,4.46,4.45,18394.0,55.77957762784417,0.017938218525085148,0.021492006225274345,-0.0035537877001891975
1970-01-01 00:28:09.285600,4.46,4.47,4.4592,4.45,22404.0,57.6331955075254,0.017963133832750167,0.02078623174676951,-0.002823097914019343
1970-01-01 00:28:09.289200,4.4706,4.49,4.4594,4.44,50066.0,59.56789800496976,0.018623530340661887,0.02035369146554799,-0.0017301611248861024
1970-01-01 00:28:09.292800,4.4706,4.49,4.4594,4.44,50066.0,59.56789800496977,0.018928701048105623,0.020068693382059518,-0.0011399923339538952
1970-01-01 00:28:09.321600,4.49,4.51,4.51,4.41,6239.0,63.140638877696105,0.020499661561935945,0.020154887018034806,0.0003447745439011385
1970-01-01 00:28:09.325200,4.48,4.49,4.49,4.47,2662.0,60.18827392929651,0.020699135906824928,0.020263736795792832,0.0004353991110320962
1970-01-01 00:28:09.328800,4.48,4.48,4.48,4.47,2161.0,60.1882739292965,0.02061953163678787,0.02033489576399184,0.00028463587279602826
1970-01-01 00:28:09.332400,4.49,4.49,4.48,4.48,6945.0,62.23616354385137,0.02111990399915964,0.020491897411025403,0.0006280065881342362
1970-01-01 00:28:09.336000,4.49,4.5,4.4893,4.42,160909.0,62.23616354385136,0.02127125096114213,0.020647768121048748,0.0006234828400933819
1970-01-01 00:28:09.339600,4.4615,4.59,4.49,4.46,3565757.0,53.19221934743305,0.018873915948892872,0.020292997686617575,-0.0014190817377247034
1970-01-01 00:28:09.343200,4.345,4.4699,4.469,4.32,3230835.0,32.44008434492575,0.007487127367229007,0.01773182362273986,-0.010244696255510853
1970-01-01 00:28:09.346800,4.36,4.3699,4.35,4.3,2432664.0,35.9072424593076,-0.00032288793028278917,0.014120881312135332,-0.01444376924241812
1970-01-01 00:28:09.350400,4.3325,4.365,4.36,4.32,1319064.0,32.60371614668206,-0.008631898343657518,0.009570325380976762,-0.01820222372463428
1970-01-01 00:28:09.354000,4.345,4.3527,4.3385,4.32,1030328.0,35.508156807154734,-0.014046286578140332,0.004847002989153344,-0.018893289567293678
1970-01-01 00:28:09.357600,4.345,4.35,4.345,4.31,1183464.0,35.508156807154734,-0.01812825700027698,0.0002519509912672787,-0.01838020799154426
1970-01-01 00:28:09.361200,4.33,4.37,4.35,4.33,3993009.0,33.499021037826495,-0.02231637334810177,-0.004261713876606532,-0.01805465947149524
1970-01-01 00:28:09.364800,4.34,4.35,4.35,4.32,50741.0,36.095047397478126,-0.024545622642288656,-0.008318495629742958,-0.016227127012545698
1970-01-01 00:28:09.368400,4.3491,4.36,4.34,4.34,24160.0,38.44975466045931,-0.025286537358334193,-0.011712103975461206,-0.013574433382872987
1970-01-01 00:28:09.372000,4.36,4.37,4.34,4.33,56759.0,41.24252559131989,-0.024709344758560015,-0.014311552132080968,-0.010397792626479047
1970-01-01 00:28:09.375600,4.35,4.4,4.37,4.34,71151.0,39.472972705436135,-0.024773261157499782,-0.01640389393716473,-0.008369367220335051
1970-01-01 00:28:09.379200,4.35,4.4,4.37,4.34,71151.0,39.472972705436135,-0.02454102174176942,-0.01803131949808567,-0.006509702243683749
1970-01-01 00:28:09.580800,4.35,4.38,4.37,4.35,7154.0,39.47297270543613,-0.024079398020136367,-0.019240935202495812,-0.004838462817640554
1970-01-01 00:28:09.584400,4.41,4.43,4.4,4.36,5893.0,54.19933237673199,-0.018656993132588617,-0.019124146788514373,0.0004671536559257561
1970-01-01 00:28:09.588000,4.4,4.4,4.38,4.38,2372.0,51.93150296455131,-0.014993775706360069,-0.01829807257208351,0.0033042968657234426
1970-01-01 00:28:09.591600,4.34,4.38,4.38,4.34,25885.0,40.87916019145943,-0.01673918911080996,-0.0179862958798288,0.0012471067690188395
1970-01-01 00:28:09.595200,4.34,4.42,4.38,4.33,83725.0,40.87916019145943,-0.017915918255483554,-0.01797222035495975,5.630209947619577e-05
1970-01-01 00:28:09.598800,4.32,4.355,4.35,4.27,2321776.0,37.771484970393026,-0.020229128630878,-0.0184236020101434,-0.0018055266207346009
1970-01-01 00:28:09.602400,4.3679,4.39,4.325,4.31,1747527.0,47.97276377071795,-0.017989858940592462,-0.018336853396233213,0.0003469944556407506
1970-01-01 00:28:09.606000,4.32,4.38,4.36,4.29,1850048.0,40.774348552449005,-0.01985151534916607,-0.018639785786819785,-0.0012117295623462858
1970-01-01 00:28:09.609600,4.34,4.35,4.315,4.31,693960.0,44.517822520564586,-0.0194884083718474,-0.01880951030382531,-0.0006788980680220887
1970-01-01 00:28:09.613200,4.3588,4.37,4.3498,4.34,853987.0,47.854356406896706,-0.017482117624695093,-0.018544031767999267,0.0010619141433041747
1970-01-01 00:28:09.616800,4.355,4.37,4.355,4.34,1135778.0,47.23601866030517,-0.016014144901147276,-0.01803805439462887,0.002023909493481593
1970-01-01 00:28:09.620400,4.38,4.39,4.355,4.3343,3083231.0,51.661294909223336,-0.01268722444935122,-0.01696788840557334,0.004280663956222119
1970-01-01 00:28:09.624000,4.35,4.38,4.38,4.34,115093.0,46.60952632772304,-0.012329241480571795,-0.01604015902057303,0.0037109175400012358
1970-01-01 00:28:09.627600,4.3491,4.36,4.34,4.34,34217.0,46.46273888482674,-0.011980061189015068,-0.01522813945426144,0.0032480782652463715
1970-01-01 00:28:09.631200,4.3595,4.36,4.35,4.35,25428.0,48.48180422618845,-0.010740332343049275,-0.014330578032019007,0.0035902456889697325
1970-01-01 00:28:09.634800,4.33,4.36,4.35,4.32,48024.0,43.473484607168004,-0.011999914217655672,-0.01386444526914634,0.0018645310514906685
1970-01-01 00:28:09.638400,4.33,4.36,4.35,4.32,48024.0,43.473484607168004,-0.012850014954540079,-0.013661559206225088,0.0008115442516850088
1970-01-01 00:28:09.667200,4.36,4.38,4.37,4.34,4804.0,49.6125750678699,-0.010976446985380583,-0.013124536762056186,0.002148089776675603
1970-01-01 00:28:09.670800,4.37,4.38,4.36,4.36,3069.0,51.503296162217325,-0.008585743340194796,-0.012216778077683909,0.003631034737489113
1970-01-01 00:28:09.674400,4.37,4.38,4.37,4.37,6264.0,51.50329616221734,-0.006614841699775553,-0.01109639080210224,0.004481549102326687
1970-01-01 00:28:09.678000,4.36,4.38,4.36,4.36,4852.0,49.35541864438458,-0.005793025979221156,-0.010035717837526024,0.004242691858304868
1970-01-01 00:28:09.681600,4.36,4.38,4.3609,4.2,98797.0,49.35541864438458,-0.005083135873610978,-0.009045201444743016,0.003962065571132038
1970-01-01 00:28:09.685200,4.53,4.53,4.3503,4.35,2428156.0,72.20734490072957,0.009092226868659736,-0.005417715782062466,0.014509942650722203
1970-01-01 00:28:09.688800,4.425,4.54,4.5215,4.4125,4131158.0,55.538395792282195,0.011718596802135828,-0.001990453265222807,0.013709050067358635
1970-01-01 00:28:09.692400,4.3771,4.435,4.43,4.355,1884880.0,49.881276917318765,0.009821666159678166,0.0003719706197573879,0.00944969553992078
1970-01-01 00:28:09.696000,4.365,4.38,4.3765,4.36,1038828.0,48.53633510814367,0.0072582969536538755,0.0017492358865366855,0.00550906106711719
1970-01-01 00:28:09.699600,4.305,4.38,4.365,4.29,2326322.0,42.42743194551412,0.0003809188355017312,0.0014755724763296947,-0.0010946536408279635
1970-01-01 00:28:09.703200,4.31,4.38,4.305,4.27,1997313.0,43.07047090948797,-0.004612820930407047,0.0002578937949823465,-0.0048707147253893935
1970-01-01 00:28:09.706800,4.3238,4.33,4.31,4.28,4213200.0,44.899705367960074,-0.007371872645230759,-0.0012680594930602749,-0.006103813152170484
1970-01-01 00:28:09.710400,4.32,4.33,4.33,4.3,117553.0,44.4759200399542,-0.009752646807611676,-0.002964976955970555,-0.00678766985164112
1970-01-01 00:28:09.714000,4.32,4.33,4.3202,4.29,43339.0,44.4759200399542,-0.011506784435601602,-0.004673338451896765,-0.006833445983704838
1970-01-01 00:28:09.717600,4.31,4.32,4.3193,4.31,95535.0,43.230604230867065,-0.013547698139176667,-0.006448210389352746,-0.0070994877498239215
1970-01-01 00:28:09.721200,4.33,4.34,4.32,4.31,51236.0,46.45948342655117,-0.013396873284264643,-0.007837942968335124,-0.005558930315929519
1970-01-01 00:28:09.724800,4.33,4.34,4.32,4.31,51236.0,46.459483426551174,-0.01312603474227636,-0.008895561323123372,-0.004230473419152989
1970-01-01 00:28:09.753600,4.36,4.36,4.31,4.3,1862.0,51.28011969020557,-0.010371092468727916,-0.009190667552244281,-0.0011804249164836349
1970-01-01 00:28:09.757200,4.35,4.38,4.37,4.33,5292.0,49.67458575583557,-0.008892193622286548,-0.009130972766252736,0.00023877914396618766
1970-01-01 00:28:09.760800,4.39,4.39,4.35,4.35,7132.0,55.65534614011556,-0.004441293459151119,-0.008193036904832413,0.003751743445681294
1970-01-01 00:28:09.764400,4.35,4.38,4.36,4.35,12573.0,49.34057089018677,-0.0040943911266762,-0.007373307749201171,0.0032789166225249706
1970-01-01 00:28:09.768000,4.36,4.39,4.38,4.29,158331.0,50.84221832469849,-0.0029782210242901286,-0.006494290404218963,0.003516069379928834
1970-01-01 00:28:09.771600,4.345,4.4,4.35,4.3201,1603202.0,48.51897219702917,-0.00326637013468023,-0.005848706350311216,0.0025823362156309863
1970-01-01 00:28:09.775200,4.3,4.36,4.3423,4.3,2594874.0,42.27751344001416,-0.007044647983166286,-0.006087894676882231,-0.0009567533062840548
1970-01-01 00:28:09.778800,4.325,4.34,4.3,4.3,2004508.0,46.40257660592224,-0.007930254297698447,-0.0064563666010454745,-0.0014738876966529724
1970-01-01 00:28:09.782400,4.305,4.33,4.325,4.28,3291967.0,43.71132551663394,-0.010129173725919927,-0.007190928026020366,-0.002938245699899561
1970-01-01 00:28:09.786000,4.325,4.33,4.3,4.29,4797621.0,47.02039238306513,-0.010141100073091103,-0.007780962435434514,-0.002360137637656589
1970-01-01 00:28:09.789600,4.3299,4.33,4.325,4.3,1188931.0,47.82959907067756,-0.009643992794400091,-0.00815356850722763,-0.0014904242871724618
1970-01-01 00:28:09.793200,4.36,4.38,4.3258,4.32,3943798.0,52.617286137343505,-0.0067434786268290026,-0.007871550531147905,0.0011280719043189023
1970-01-01 00:28:09.796800,4.31,4.37,4.35,4.3,150576.0,45.19731215366092,-0.008382751246233333,-0.007973790674164991,-0.00040896057206834223
1970-01-01 00:28:09.800400,4.31,4.32,4.32,4.305,81609.0,45.19731215366092,-0.00957155171731916,-0.008293342882795825,-0.0012782088345233353
1970-01-01 00:28:09.804000,4.3099,4.32,4.31,4.3,108823.0,45.18253319355823,-0.010401847793327867,-0.008715043864902234,-0.0016868039284256339
1970-01-01 00:28:09.807600,4.32,4.32,4.3095,4.3,73562.0,47.065221501715136,-0.010128127080306193,-0.008997660507983027,-0.0011304665723231664
1970-01-01 00:28:09.811200,4.32,4.32,4.3095,4.3,73562.0,47.065221501715136,-0.009798253278590963,-0.009157779062104614,-0.0006404742164863482
1970-01-01 00:28:09.840000,4.32,4.36,4.31,4.31,5578.0,47.065221501715136,-0.009428144137319627,-0.009211852077147618,-0.0002162920601720096
1970-01-01 00:28:09.843600,4.33,4.33,4.32,4.31,3057.0,49.221819866151996,-0.008233008552137377,-0.009016083372145569,0.0007830748200081915
1970-01-01 00:28:09.847200,4.33,4.35,4.35,4.33,4618.0,49.221819866151996,-0.007202825303893157,-0.008653431758495088,0.0014506064546019309
1970-01-01 00:28:09.850800,4.34,4.36,4.33,4.33,33325.0,51.51281672556603,-0.005515897399384961,-0.008025924886673062,0.0025100274872881002
1970-01-01 00:28:09.854400,4.33,4.37,4.3487,4.3,106453.0,49.125872233497404,-0.004929091805830232,-0.007406558270504496,0.0024774664646742637
1970-01-01 00:28:09.858000,4.255,4.37,4.32,4.23,2935828.0,35.74715550878291,-0.0103960778301877,-0.008004462182441137,-0.0023916156477465627
1970-01-01 00:28:09.861600,4.2465,4.281,4.25,4.23,2015091.0,34.59718348669148,-0.015238917845508126,-0.009451353315054535,-0.005787564530453591
1970-01-01 00:28:09.865200,4.265,4.3,4.245,4.23,1274278.0,39.18291742776411,-0.017383719363545325,-0.011037826524752693,-0.006345892838792631
1970-01-01 00:28:09.868800,4.285,4.3,4.265,4.25,4245668.0,43.77280230272105,-0.017270572753875335,-0.012284375770577222,-0.004986196983298113
1970-01-01 00:28:09.872400,4.2595,4.3,4.2826,4.25,1603006.0,39.66269381779699,-0.019019297515486144,-0.013631360119559007,-0.005387937395927137
1970-01-01 00:28:09.876000,4.265,4.27,4.255,4.25,1189715.0,40.95056339780196,-0.019733890448195623,-0.01485186618528633,-0.004882024262909294
1970-01-01 00:28:09.879600,4.33,4.33,4.265,4.26,4983739.0,53.56497511083573,-0.014883683880395182,-0.014858229724308102,-2.5454156087080168e-05
1970-01-01 00:28:09.883200,4.32,4.35,4.32,4.29,1145408.0,51.73393408401189,-0.011711770656274822,-0.014228937910701447,0.0025171672544266246
1970-01-01 00:28:09.886800,4.36,4.37,4.3106,4.31,132423.0,57.92898440749578,-0.005902302795139924,-0.012563610887589144,0.00666130809244922
1970-01-01 00:28:09.890400,4.36,4.37,4.3607,4.36,50718.0,57.92898440749578,-0.0012834627011439892,-0.010307581250300114,0.009024118549156124
1970-01-01 00:28:09.894000,4.34,4.37,4.36,4.34,63659.0,53.91606449745927,0.0007544714203753244,-0.008095170716165027,0.008849642136540352
1970-01-01 00:28:09.897600,4.34,4.37,4.36,4.34,63659.0,53.91606449745928,0.0023425454880010577,-0.00600762747533181,0.008350172963332868
1970-01-01 00:28:09.926400,4.33,4.33,4.3,4.3,3094.0,51.83388710351446,0.002762346589554099,-0.004253632662354629,0.007015979251908728
1970-01-01 00:28:09.930000,4.33,4.35,4.35,4.33,1913.0,51.83388710351446,0.003059770853282906,-0.002790951959227122,0.005850722812510028
1970-01-01 00:28:09.933600,4.35,4.35,4.32,4.32,881.0,55.79377034549237,0.004853367973261413,-0.001262087972729415,0.006115455945990828
1970-01-01 00:28:09.937200,4.35,4.35,4.33,4.33,2367.0,55.79377034549237,0.006203298845343319,0.0002309893908851318,0.0059723094544581875
1970-01-01 00:28:09.940800,4.34,4.35,4.3395,4.33,105644.0,53.25490444616258,0.006392523330930544,0.0014632961788942143,0.004929227152036329
1970-01-01 00:28:09.944400,4.2999,4.365,4.35,4.285,2350037.0,44.508558738349926,0.003269066465439785,0.0018244502362033286,0.0014446162292364563
1970-01-01 00:28:09.948000,4.3598,4.38,4.295,4.295,3570811.0,56.10551714109275,0.00556300691024969,0.002572161571012601,0.0029908453392370896
1970-01-01 00:28:09.951600,4.405,4.48,4.3531,4.3501,6459892.0,62.47789581369486,0.010902555613046871,0.004238240379419455,0.0066643152336274165
1970-01-01 00:28:09.955200,4.329,4.41,4.4083,4.31,2550577.0,49.47269533310975,0.008899039005688003,0.005170400104673165,0.0037286389010148385
1970-01-01 00:28:09.958800,4.375,4.4,4.3201,4.32,2145496.0,55.50925206329643,0.010897434381623938,0.006315806960063319,0.004581627421560619
1970-01-01 00:28:09.962400,4.39,4.39,4.375,4.34,1559617.0,57.30069140747567,0.01353552267466096,0.007759750102982848,0.005775772571678112
1970-01-01 00:28:09.966000,4.394,4.43,4.3865,4.35,3581012.0,57.78879673650936,0.015767238315363308,0.00936124774545894,0.006405990569904367
1970-01-01 00:28:09.969600,7.38,8.8,4.39,4.39,36946774.0,95.85751406742351,0.25553548004736193,0.05859609420583954,0.19693938584152237
1970-01-01 00:28:09.973200,7.8,8.0,7.38,7.34,16555281.0,96.35540473795882,0.47398027935251985,0.1416729312351756,0.33230734811734425
1970-01-01 00:28:09.976800,7.51,7.84,7.79,7.45,4689179.0,88.45033310092734,0.6165911018354491,0.23665656535523033,0.37993453648021874
1970-01-01 00:28:09.980400,7.17,7.53,7.51,7.0,4572075.0,80.1482101518547,0.6941740413666855,0.3281600605575214,0.3660139808091641
1970-01-01 00:28:09.984000,7.17,7.53,7.51,7.0,4572075.0,80.1482101518547,0.7470475804140451,0.41193756452882613,0.33511001588521894
1970-01-01 00:28:10.185600,6.95,7.18,6.69,5.6,5225639.0,74.87426747607157,0.7624094975546925,0.48203195113399944,0.280377546420693
1970-01-01 00:28:10.189200,7.0,7.6,6.94,6.94,3786603.0,75.27251540288074,0.7697453642881955,0.5395746337648387,0.2301707305233568
1970-01-01 00:28:10.192800,6.45,7.1,6.98,6.3,3488623.0,63.37329639806816,0.7228461674066011,0.5762289404931913,0.14661722691340984
1970-01-01 00:28:10.196400,6.1,6.54,6.45,5.86,5944536.0,57.17878586061095,0.6499439913038527,0.5909719506553236,0.05897204064852912
1970-01-01 00:28:10.200000,6.0,7.41,6.095,5.8515,13233115.0,55.509298720871435,0.5774429246557862,0.5882661454554161,-0.01082322079962994
1970-01-01 00:28:10.203600,4.975,6.01,6.0,4.87,41857593.0,41.97943819481628,0.4322931667445573,0.5570715497132444,-0.12477838296868704
1970-01-01 00:28:10.207200,5.565,5.57,4.97,4.96,35640756.0,49.59518403594063,0.36071095565462574,0.5177994309015207,-0.15708847524689495
1970-01-01 00:28:10.210800,5.7336,5.84,5.5699,5.38,38667947.0,51.55220193431117,0.3139669332262791,0.4770329313664724,-0.1630659981401933
1970-01-01 00:28:10.214400,5.7342,5.77,5.735,5.52,14571374.0,51.5594098641904,0.2738140161302667,0.43638914831923126,-0.16257513218896458
1970-01-01 00:28:10.218000,6.105,6.23,5.731,5.72,43116027.0,55.92371082641391,0.26881427748090836,0.4028741741515667,-0.13405989667065832
1970-01-01 00:28:10.221600,5.93,6.14,6.1036,5.82,20404426.0,53.474991562401996,0.24787357879573158,0.3718740550803997,-0.12400047628466815
1970-01-01 00:28:10.225200,5.84,5.99,5.92,5.81,18112575.0,52.20886701393009,0.22146279117861933,0.34179180230004363,-0.1203290111214243
1970-01-01 00:28:10.228800,5.34,7.5892,5.84,5.0,7428051.0,45.730783729441235,0.15836074627998542,0.305105591096032,-0.1467448448160466
1970-01-01 00:28:10.232400,5.41,5.45,5.34,5.12,2965652.0,46.727379495944454,0.11270118692886211,0.26662471026259804,-0.15392352333373593
1970-01-01 00:28:10.236000,5.4,5.45,5.4003,5.33,923546.0,46.59573633230983,0.07484596308477443,0.22826896082703335,-0.15342299774225893
1970-01-01 00:28:10.239600,5.3,5.41,5.41,5.25,1256865.0,45.2236630595175,0.03635715849940979,0.18988660036150865,-0.15352944186209885
1970-01-01 00:28:10.243200,5.3,5.41,5.41,5.25,1256865.0,45.2236630595175,0.005787785579259186,0.15306683740505875,-0.14727905182579956
1970-01-01 00:28:10.272000,5.57,5.74,5.32,5.0,658872.0,49.84802966559095,0.00330992604832403,0.1231154551337118,-0.11980552908538777
1970-01-01 00:28:10.275600,5.48,5.6,5.56,5.45,114489.0,48.381791092269765,-0.005848624023472304,0.09732263930227499,-0.10317126332574729
1970-01-01 00:28:10.279200,5.49,5.51,5.47,5.39,86033.0,48.56283164639629,-0.012159754432731873,0.07542616055527361,-0.08758591498800548
1970-01-01 00:28:10.282800,5.36,5.5,5.48,5.35,339327.0,46.289895799037446,-0.02733616994502608,0.05487369445521367,-0.08220986440023975
1970-01-01 00:28:10.286400,5.42,5.7294,5.49,5.17,1529171.0,47.510976179822634,-0.03412867588833368,0.03707322038650421,-0.07120189627483789
1970-01-01 00:28:10.290000,5.355,5.48,5.4202,5.17,10978813.0,46.28336736877964,-0.04424669420986138,0.02080923746723109,-0.06505593167709248
1970-01-01 00:28:10.293600,5.2695,5.4,5.355,5.25,8215196.0,44.64912510421255,-0.058490193530604806,0.0049493512676639095,-0.06343954479826872
1970-01-01 00:28:10.297200,5.2257,5.275,5.26,5.03,12006809.0,43.79598864356904,-0.07247709250234813,-0.0105359374863385,-0.06194115501600963
1970-01-01 00:28:10.300800,5.17,5.27,5.2261,5.125,6735062.0,42.67915840401699,-0.08705284420382853,-0.025839318829836505,-0.06121352537399202
1970-01-01 00:28:10.304400,5.25,5.27,5.1794,5.12,4791471.0,44.854282776423965,-0.09109877110152631,-0.03889120928417447,-0.05220756181735184
1970-01-01 00:28:10.308000,5.16,5.25,5.25,5.16,3349265.0,42.88280481896565,-0.10040998139343849,-0.051194963706027274,-0.04921501768741121
1970-01-01 00:28:10.311600,5.1135,5.18,5.1619,5.06,7283244.0,41.85910396982799,-0.11027021758917055,-0.06301001448265593,-0.04726020310651462
1970-01-01 00:28:10.315200,5.1202,5.19,5.12,5.09,966188.0,42.073675641715994,-0.11620436027711811,-0.07364888364154837,-0.042555476635569744
1970-01-01 00:28:10.318800,5.0699,5.15,5.12,5.04,721208.0,40.854657676187834,-0.12354188676736655,-0.08362748426671202,-0.03991440250065453
1970-01-01 00:28:10.322400,5.09,5.1,5.07,5.06,201732.0,41.58302668536657,-0.12627935753018438,-0.09215785891940649,-0.03412149861077789
1970-01-01 00:28:10.326000,5.09,5.1,5.09,5.07,151083.0,41.58302668536657,-0.1269850185833299,-0.09912329085219117,-0.027861727731138722
1970-01-01 00:28:10.329600,5.09,5.1,5.09,5.07,151083.0,41.58302668536657,-0.1260907642109137,-0.10451678552393567,-0.021573978686978024
1970-01-01 00:28:10.358400,5.27,5.3,5.13,5.12,128078.0,48.65527125541246,-0.10959423142100366,-0.10553227470334928,-0.004061956717654386
1970-01-01 00:28:10.362000,5.24,5.29,5.26,5.23,32441.0,47.6204970915989,-0.09781382275174622,-0.10398858431302868,0.006174761561282466
1970-01-01 00:28:10.365600,5.2,5.24,5.24,5.13,58529.0,46.20936048938725,-0.09066035359205227,-0.1013229381688334,0.01066258457678114
1970-01-01 00:28:10.369200,5.13,5.18,5.17,5.11,67196.0,43.7652156576036,-0.08960666289893382,-0.0989796831148535,0.00937302021591968
1970-01-01 00:28:10.372800,5.16,5.3005,5.17,5.05,500798.0,45.105309518817265,-0.08536680081288583,-0.09625710665445998,0.010890305841574147
1970-01-01 00:28:10.376400,5.165,5.25,5.16,5.12,3774780.0,45.33910727408124,-0.08067327010942549,-0.0931403393454531,0.012467069236027611
1970-01-01 00:28:10.380000,5.0,5.19,5.165,5.0,5778591.0,39.37877082440157,-0.08923904212113598,-0.09236007990058968,0.003121037779453703
1970-01-01 00:28:10.383600,4.93,5.02,5.0,4.91,6384033.0,37.14762651799108,-0.10051719350214938,-0.09399150262090163,-0.006525690881247756
1970-01-01 00:28:10.387200,4.9199,4.98,4.94,4.91,2722057.0,36.823437832402206,-0.10901355491460141,-0.09699591307964159,-0.012017641834959819
1970-01-01 00:28:10.390800,4.93,4.96,4.92,4.91,2388023.0,37.411664713021885,-0.11362223060909038,-0.10032117658553136,-0.013301054023559022
1970-01-01 00:28:10.394400,5.0259,5.07,4.93,4.92,4198357.0,42.85252804743423,-0.10828803372461238,-0.10191454801334757,-0.006373485711264809
1970-01-01 00:28:10.398000,5.06,5.09,5.0239,4.97,4243708.0,44.693597950680754,-0.10015454005472613,-0.1015625464216233,0.0014080063668971687
1970-01-01 00:28:10.401600,5.08,5.12,5.05,4.99,321778.0,45.796559590762,-0.09104534085404925,-0.09945910530810849,0.008413764454059239
1970-01-01 00:28:10.405200,5.04,5.1,5.08,5.04,179771.0,43.91044731258859,-0.08606183332241901,-0.0967796509109706,0.010717817588551587
1970-01-01 00:28:10.408800,5.08,5.09,5.04,5.04,81293.0,46.2925154729977,-0.07798573103042994,-0.09302086693486247,0.015035135904432534
1970-01-01 00:28:10.412400,5.08,5.09,5.075,5.06,115603.0,46.29251547299769,-0.07076957418023344,-0.08857060838393667,0.017801034203703228
1970-01-01 00:28:10.416000,5.08,5.09,5.075,5.06,115603.0,46.29251547299769,-0.06430939916449319,-0.08371836654004797,0.01940896737555478
1970-01-01 00:28:10.444800,5.16,5.17,4.97,4.97,39203.0,51.443643508065335,-0.052133371455130195,-0.07740136752306442,0.02526799606793423
1970-01-01 00:28:10.448400,5.14,5.16,5.16,5.12,17325.0,50.14869685682167,-0.043595077706140906,-0.07064010955967973,0.02704503185353882
1970-01-01 00:28:10.452000,5.13,5.14,5.14,5.1,20923.0,49.478059863188726,-0.03720644211697621,-0.06395337607113903,0.02674693395416282
1970-01-01 00:28:10.455600,5.13,5.15,5.13,5.08,39628.0,49.478059863188726,-0.03177709580504384,-0.05751812001792,0.025741024212876155
1970-01-01 00:28:10.459200,5.105,5.1585,5.14,5.07,381659.0,47.63122124863116,-0.02915550429791658,-0.05184559687391932,0.02269009257600274
1970-01-01 00:28:10.462800,5.045,5.15,5.1,5.01,3313812.0,43.44033937926611,-0.03155561916500638,-0.047787601332136734,0.016231982167130357
1970-01-01 00:28:10.466400,4.93,5.12,5.05,4.9235,4921432.0,36.763618426280736,-0.04225023201910805,-0.046680127469531,0.004429895450422952
1970-01-01 00:28:10.470000,4.7713,4.95,4.93,4.77,6809344.0,29.927568582351313,-0.0628075471382008,-0.049905611403264966,-0.012901935734935838
1970-01-01 00:28:10.473600,4.575,4.78,4.7705,4.56,8619758.0,23.986309840329525,-0.0938572094436072,-0.05869593101133342,-0.03516127843227378
1970-01-01 00:28:10.477200,4.6299,4.65,4.58,4.57,3895906.0,28.274903517528728,-0.11273478293708994,-0.06950370139648473,-0.043231081540605204
1970-01-01 00:28:10.480800,4.5467,4.6299,4.625,4.51,5523735.0,25.89090499974101,-0.13287721478597714,-0.08217840407438322,-0.05069881071159392
1970-01-01 00:28:10.484400,4.5243,4.55,4.54,4.52,5405209.0,25.273070391536407,-0.14893094669281481,-0.09552891259806953,-0.05340203409474528
1970-01-01 00:28:10.488000,4.61,4.7,4.53,4.51,2611099.0,31.962524497301274,-0.15297497087403755,-0.10701812425326315,-0.0459568466207744
1970-01-01 00:28:10.491600,4.6,4.61,4.6,4.57,143561.0,31.606974784901,-0.15519778217415237,-0.116654055837441,-0.03854372633671137
1970-01-01 00:28:10.495200,4.57,4.6,4.5999,4.51,319490.0,30.510461317420578,-0.15756382769789745,-0.12483601020953229,-0.03272781748836516
1970-01-01 00:28:10.498800,4.5904,4.6,4.56,4.55,151297.0,32.23212571703624,-0.1559946174649589,-0.1310677316606176,-0.024926885804341298
1970-01-01 00:28:10.502400,4.5904,4.6,4.56,4.55,151297.0,32.23212571703624,-0.15298746280992148,-0.1354516778904784,-0.017535784919443076
1970-01-01 00:28:10.531200,4.65,4.67,4.63,4.61,43422.0,37.48055827644871,-0.14413356713648895,-0.13718805573968051,-0.006945511396808435
1970-01-01 00:28:10.534800,4.65,4.65,4.65,4.63,18986.0,37.48055827644872,-0.13555420651329797,-0.13686128589440402,0.0013070793811060522
1970-01-01 00:28:10.538400,4.66,4.66,4.64,4.63,40805.0,38.40877145873695,-0.12648998714739879,-0.13478702614500299,0.0082970389976042
1970-01-01 00:28:10.542000,4.66,4.66,4.66,4.61,57464.0,38.40877145873696,-0.11794690944309139,-0.13141900280462068,0.013472093361529297
1970-01-01 00:28:10.545600,4.66,4.71,4.66,4.6,346357.0,38.40877145873695,-0.10990949062127697,-0.12711710036795193,0.017207609746674957
1970-01-01 00:28:10.549200,4.54,4.7,4.66,4.52,3683604.0,31.417718646121756,-0.11193248737773231,-0.12408017776990801,0.012147690392175697
1970-01-01 00:28:10.552800,4.6099,4.61,4.54,4.52,4632821.0,38.44599885889842,-0.10666580406865656,-0.12059730302965772,0.013931498961001168
1970-01-01 00:28:10.556400,4.59,4.64,4.6038,4.58,2552593.0,37.27484600107915,-0.10291138490549301,-0.11706011940482479,0.01414873449933178
1970-01-01 00:28:10.560000,4.57,4.63,4.585,4.56,2827657.0,36.085106110767576,-0.1003925506904162,-0.11372660566194306,0.01333405497152687
1970-01-01 00:28:10.563600,4.555,4.58,4.5712,4.54,2231691.0,35.17821344091821,-0.09847161162515139,-0.11067560685458473,0.012203995229433343
1970-01-01 00:28:10.567200,4.6169,4.64,4.56,4.551,2165764.0,41.69074000913588,-0.09090652703982816,-0.10672179089163342,0.01581526385180526
1970-01-01 00:28:10.570800,4.64,4.66,4.6194,4.61,3362237.0,43.953723024999135,-0.08210075960642893,-0.10179758463459253,0.019696825028163598
1970-01-01 00:28:10.574400,4.63,4.65,4.65,4.62,2484633.0,43.17259075560933,-0.07506375367306539,-0.09645081844228712,0.021387064769221725
1970-01-01 00:28:10.578000,4.62,4.63,4.63,4.61,90939.0,42.36183807842402,-0.06949272334153456,-0.09105919942213661,0.021566476080602054
1970-01-01 00:28:10.581600,4.63,4.63,4.63,4.61,74619.0,43.50439959482267,-0.06353829532291133,-0.08555501860229156,0.02201672327938023
1970-01-01 00:28:10.585200,4.63,4.64,4.62,4.61,122824.0,43.50439959482267,-0.058149062028286735,-0.0800738272874906,0.021924765259203866
