,ticker,calls,puts,ratio
0,SPY,1030,711,1.4487
1,TSLA,786,435,1.8069
2,NVDA,394,340,1.1588
3,AAPL,388,260,1.4923
4,QQQ,249,197,1.264
5,AMD,222,145,1.531
6,TOP,191,131,1.458
7,AI,179,107,1.6729
8,SOFI,190,34,5.5882
9,ADBE,168,45,3.7333
10,MVIS,119,74,1.6081
11,CVNA,70,122,0.5738
12,DOCU,88,96,0.9167
13,PLTR,101,52,1.9423
14,META,83,67,1.2388
15,COIN,58,79,0.7342
16,MSFT,80,41,1.9512
17,CCL,95,13,7.3077
18,ORCL,57,35,1.6286
19,NFLX,56,30,1.8667
20,AMZN,58,27,2.1481
21,GOOG,58,26,2.2308
22,WISH,55,28,1.9643
23,MMS,37,32,1.1563
24,MOVE,37,27,1.3704
25,IWM,49,14,3.5
26,PYPL,45,18,2.5
27,YEAR,37,24,1.5417
28,TQQQ,51,10,5.1
29,BABA,48,8,6.0
